n_covariates <- 2
n_obs <- 100
rho_alpha_prior <- 2.42393
rho_beta_prior <- 14.8171
x <- 
structure(c(1, 1, 2, 2, 2, 2, 3, 3, 3, 3, 4, 4, 4, 5,
5, 5, 5, 6, 6, 6, 6, 6, 6, 6, 7, 7, 7, 7, 7, 7, 7, 7,
7, 7, 7, 7, 7, 7, 7, 7, 7, 7, 7, 7, 8, 8, 8, 8, 8, 8,
8, 8, 8, 8, 8, 8, 8, 8, 8, 8, 8, 8, 8, 8, 8, 9, 9, 9,
9, 9, 9, 9, 9, 9, 9, 9, 9, 9, 9, 9, 9, 9, 9, 9, 9, 10,
10, 10, 10, 10, 10, 10, 10, 10, 10, 10, 10, 10, 10,
10, 4, 5, 3, 4, 5, 6, 3, 4, 5, 6, 3, 4, 5, 3, 4, 5, 6,
2, 3, 4, 5, 6, 7, 8, 2, 3, 4, 5, 6, 7, 8, 9, 10, 11,
12, 13, 14, 15, 16, 17, 18, 19, 20, 21, 2, 3, 4, 5, 6,
7, 8, 9, 10, 11, 12, 13, 14, 15, 16, 17, 18, 19, 20,
21, 22, 2, 3, 4, 5, 6, 7, 8, 9, 10, 11, 12, 13, 14,
15, 16, 17, 18, 19, 20, 21, 2, 3, 4, 5, 6, 7, 8, 9,
10, 11, 12, 13, 14, 15, 16),
.Dim = c(100, 2))
y <- 
c(3, 8, 2, 252, 60, 0, 4, 43, 64, 0, 22, 8, 5,
13, 6, 3, 1, 0, 0, 13, 8, 3, 1, 10, 0, 1, 11, 6, 14,
90, 22, 271, 8, 3, 22, 5, 22, 53, 61, 99, 45, 14, 0,
4, 0, 0, 10, 103, 38, 35, 44, 52, 41, 717, 81, 74, 22,
102, 111, 101, 47, 60, 387, 35, 1, 4, 17, 107, 1664,
89, 11, 15, 51, 124, 30, 38, 22, 40, 41, 91, 49, 44,
70, 277, 45, 1, 23, 48, 149, 73, 29, 38, 90, 98, 41,
33, 154, 75, 89, 203)
ye <- 
c(2.8079055, 7.0898599, 1.8430127, 174.96143,
42.061934, 0.12833066, 4.340199, 34.082447, 51.48571,
0.13278291, 10.589369, 7.3046351, 4.8329585,
7.8532574, 5.8476511, 5.7880622, 0.72856462,
0.2799728, 0.12444456, 11.557298, 10.396495,
7.7440359, 0.84993784, 3.9912302, 0.097159, 2.3783082,
18.981563, 9.9705535, 58.144073, 179.51441, 47.729256,
458.1849, 8.2946817, 4.8010997, 32.635018, 4.7074167,
13.387533, 32.884418, 66.614769, 99.756987, 50.29044,
22.515207, 0.17914949, 4.3733269, 0.0135727,
0.72286756, 17.405913, 165.86485, 103.2835, 91.931015,
118.52939, 109.83366, 86.619977, 1025.0153, 101.01579,
78.657199, 23.971224, 83.336609, 78.757016, 114.06701,
62.16655, 104.95877, 534.55587, 47.620912, 2.2954138,
7.7934308, 40.158531, 163.21877, 2506.0659, 192.97843,
21.835028, 42.302459, 184.88548, 244.29468, 52.362386,
52.176951, 25.664934, 29.689173, 29.218903, 60.022954,
57.198501, 68.015308, 115.22675, 286.80855, 32.900904,
1.519439, 63.684781, 62.185461, 228.58175, 135.88382,
87.4316, 80.619066, 135.83706, 141.65653, 51.037915,
48.618129, 141.22714, 53.295604, 41.964699, 123.58541)
