n_covariates <- 100
n_obs <- 54
nu_global <- 1
nu_local <- 1
scale_global <- 0.00716225070989233
scale_icept <- 5
slab_df <- 100
slab_scale <- 2
x <- 
structure(c(-0.76121, -0.34008, -0.21759, -0.47393, -0.78588,
-0.4344, -0.45403, -0.39593, 0.12433, -0.32193, -0.73697, -0.41504,
0, -0.32193, 0.028569, -1.152, -0.51457, -0.23447, -0.8365,
-0.64386, 0.056584, 0.084064, 0.17632, 0.014355, -0.45403,
-0.12029, 0.042644, 0.12433, -0.49411, -0.4344, 0.43296, 0.91073,
-0.37707, 0, -0.35845, 0.74846, -0.59946, -0.32193, -0.62149,
0.028569, -0.91594, -0.64386, 0.17632, -0.152, -0.78588, -0.57777,
-0.32193, -0.18442, -1.0589, -0.029146, -0.25154, -0.51457,
-0.16812, -0.21759, -0.2863, -0.49411, 0.18903, 0.20163, 0.51602,
-0.029146, 0.070389, -0.058894, 0.070389, -0.73697, 0.070389,
-0.37707, 0.57531, 0.29866, -0.51457, -0.043943, 0.21412,
-0.029146, -0.12029, 0, -0.0145, 0.27501, 0.63227, -0.26882,
0.34483, 0.28688, -0.49411, 0.20163, 0.042644, -0.23447, 0.23879,
0.1635, 0.1635, -0.78588, -0.94342, -0.13606, 0.056584, -0.13606,
-0.26882, 0.028569, 0.056584, 0.15056, 0.33342, -0.51457, 0.46467,
0.36737, 0.5656, -0.13606, -0.64386, 0.056584, 0.070389, 0.042644,
0.056584, 0.084064, -0.39593, -0.30401, -0.043943, -0.1047,
-0.62149, -0.39593, 0.11103, 0.23879, 0.014355, -0.13606, 0.014355,
0.11103, -0.35845, -0.64386, -0.0145, -0.0145, 0.20163, 0.097611,
0.12433, 0.18903, -0.34008, 0.084064, -0.152, 0.15056, -0.64386,
-1.2176, -0.2863, 0.097611, -0.16812, -0.13606, 0.45418, -0.1047,
-0.57777, -0.35845, 0.084064, -0.2863, 0.93357, -0.12029, -0.41504,
-0.1047, 0.53605, 0.55582, 0.58496, -0.41504, 0.54597, 0.40054,
0.41143, 0.36737, 0.028569, 0.21412, -0.47393, -0.34008, 0.17632,
0.45418, 1.4957, 2.4033, 0.848, 0.35614, 0.91839, 0.028569,
0.47508, 0.50589, 2.5361, -0.32193, 0.41143, 0.12433, 0.81558,
-0.57777, 0.1635, 0.1375, 0.93357, 1.3505, 0.66903, 1.2079,
0.34483, 2.9241, 0.097611, 0.60407, 0.5656, 0.9855, -0.39593,
1.3045, 1.2327, 0.26303, 1.7782, 0.38957, 0.52607, -1.0893,
0.51602, -0.47393, 1.2016, 0.80735, 0.78241, 0.76553, -0.25154, 1,
0.64155, -1, 1.0772, 0.69599, 1.2141, 0.26303, -0.043943, 0.37851,
1.1635, 0.58496, 0.81558, 0.66903, 1.546, 1.6135, 1.4803, 1.5705,
2.4033, 1.9069, 1.8836, 1.6323, 2.1731, 0.774, 1.3277, 1.3785,
1.2928, 1.4276, 1.144, 0.67807, 1.7049, 1.7527, 2.0738, 1.6915,
0.63227, 1.7527, 1.7782, 0.014355, -0.41504, -0.26882, 0.27501,
0.056584, -0.043943, -0.12029, 1.0841, -0.41504, 0.7137, -1.5564,
0.40054, 0.25096, -0.49411, -0.66658, -0.8365, 0.12433, 0.22651,
0.26303, 0.45418, 0.43296, 1.4803, 0.17632, 1.4647, 0, 0.17632,
-0.76121, 0.65076, -0.12029, 0.62293, 0.53605, 0.37851, 0, 0.34483,
0.042644, 0.11103, 0.18903, 0.18903, 0.31034, 0.17632, 0.53605,
0.21412, 0.097611, -0.26882, -0.25154, 0.26303, 1.5261, -0.043943,
0.22651, 0.34483, 0.34483, 0, 0.18903, -0.16812, -0.12029,
0.097611, 0.1635, 0.55582, 0.11103, 0.056584, -0.47393, 0.40054,
-0.074001, -0.043943, 0.12433, 0.45418, 0.32193, 0.12433, -0.34008,
-0.20091, -0.23447, 0.37851, -0.25154, 0.1375, 0.20163, 0.34483,
0.29866, 0.22651, -0.35845, 0.097611, 0.084064, 0.1635, 0.056584,
0.48543, -0.25154, -0.21759, 0.056584, -0.029146, -0.089267,
0.1635, 0.070389, -0.21759, -0.26882, -0.13606, -0.32193, -0.76121,
-0.34008, -0.35845, -0.20091, -0.2863, -0.12029, -0.39593,
-0.39593, -0.41504, -0.47393, 0.084064, -0.41504, -0.13606,
-0.043943, 0.070389, 0.1375, 0.028569, 0.11103, -0.13606, -0.32193,
-0.074001, -0.4344, -0.25154, -0.18442, -0.41504, 0.27501,
-0.13606, -0.30401, -0.35845, -0.25154, -0.089267, -0.37707,
-0.25154, 0.17632, -0.39593, -0.23447, -0.20091, 0.028569,
-0.029146, -0.1047, -0.029146, 0.36737, 0.056584, -0.21759,
-0.20091, -0.62149, -0.47393, 0.74846, 0.29866, 0.68706, 0.46467,
0.21412, 0.51602, -1.1203, -1.2176, 0.1375, 0.22651, 0.61353,
-0.1047, 0.1375, 0.31034, -0.81097, -0.089267, 0.36737, -1.3219,
-0.18442, 0.55582, -1.0589, 0.070389, 0.35614, -0.20091, -0.12029,
-0.26882, 0.12433, 0.20163, -0.2863, -0.39593, -0.25154, -0.1047,
-0.18442, 0.70487, -0.57777, 0.63227, 0.36737, -0.089267, 0.74846,
-0.029146, -1.2515, 0.57531, 0.60407, 0.25096, 0.056584, -0.2863,
-0.2863, -0.25154, 1.2203, -0.8365, 0.86394, 0.18903, 0.18903,
0.35614, 0.26303, 0.084064, 0.20163, 0.014355, -0.0145, 0.028569,
-0.23447, -0.029146, -0.30401, 0.35614, 0.1635, 0.38957, 0.056584,
0.15056, 0.18903, 0.056584, -0.18442, 1.3277, 0.20163, 0.51602,
0.014355, 0.28688, 0.70487, -0.152, 0.36737, -0.12029, -0.39593,
0.22651, -1.2863, 0.33342, -0.53533, 0.18903, -0.13606, -0.18442,
-0.23447, -0.13606, 0.76553, -0.47393, 0.014355, 0.15056, 0,
-0.058894, -0.2863, 0.72247, 0.15056, -0.12029, 0.17632, 0.45418,
-0.20091, 0.26303, -0.074001, -0.029146, -0.1047, 0.11103, 0.21412,
-0.029146, -0.058894, 0.084064, 0.20163, 0.014355, 0.12433,
0.097611, 0.014355, -0.1047, -0.49411, -0.18442, 0.51602, -0.23447,
-0.23447, 0.014355, -0.32193, -0.152, -0.152, 0.12433, -0.0145,
0.21412, 0.097611, 0, 0, 0.41143, 0.21412, 0.070389, 0.042644,
-0.152, -0.53533, -0.21759, -0.21759, 0.17632, -0.23447, 0.097611,
0.27501, 0.17632, 0.070389, 0.15056, 0.1635, 0.084064, 0.27501,
0.29866, -0.058894, 0.23879, 0.084064, 0.097611, -0.1047, 0.084064,
-0.66658, 0.57531, 0.43296, 0.68706, 0.41143, 1.257, 0.73985,
1.0496, 0.61353, 1.1506, 0.80735, 0.83188, 0.86394, 0.69599,
0.67807, 0.57531, 0.57531, 0.87184, 0.62293, 0.99277, 1.0072,
0.41143, 0.79909, 0.75702, 0.32193, -0.47393, 0.21412, -0.51457,
0.31034, 0.34483, -0.18442, 0.31034, -0.51457, 0.52607, -0.4344,
0.48543, 0.94111, 0.014355, 0.67807, 0.40054, 0.72247, 0.54597,
-0.16812, 0.774, 0.31034, 0.73985, 0.66903, 0.45418, 0.1375,
0.73985, 0.15056, -0.34008, 0.056584, -0.26882, -0.20091, 0.27501,
0.014355, 0.45418, 0.7137, 0.79909, 0.73118, 0.90304, 0.66903,
0.91839, 0.62293, 0.81558, 0.51602, 0.94111, 0.50589, 0.53605,
1.1635, 1.1043, 0.34483, 0.83996, 0.60407, 0.42223, 0.73118,
0.88753, 0.014355, -0.058894, -0.1047, -0.53533, 0.070389, 0,
0.59455, 0.34483, 0.40054, 0.43296, 0.042644, 0.028569, 0.32193,
-0.66658, -0.62149, 0.042644, 0.21412, -0.30401, -0.029146,
0.52607, -0.029146, 0.65992, -0.68966, 0.58496, 0.014355,
-0.029146, -0.45403, 0.014355, -0.26882, -0.32193, 0.17632, -0.152,
-0.16812, -0.41504, -0.26882, -0.074001, -0.45403, -0.074001,
-0.25154, -0.18442, -0.20091, -0.37707, 0.084064, -0.34008,
0.22651, -0.23447, -0.16812, -0.26882, -0.18442, -0.12029,
-0.49411, 0.55582, 0.33342, 0.11103, -0.39593, 0.1375, 0.014355,
-0.35845, -0.23447, -0.49411, 0.33342, -0.043943, -0.13606,
-0.26882, 0.69599, -0.35845, 0.85599, -0.49411, 0.028569, -0.23447,
-0.043943, -0.57777, -0.97143, 0.070389, 0.097611, -0.18442,
-0.73697, 0.27501, -0.30401, -1.1203, -0.1047, 0.042644, -0.25154,
-0.058894, -0.058894, -0.45403, -0.043943, -0.16812, -0.41504,
-0.51457, -0.57777, -0.30401, -0.34008, -0.55639, 0.27501,
-0.12029, -0.21759, -0.53533, -0.41504, -0.12029, 0.70487,
-0.59946, -0.35845, -0.51457, -0.57777, -0.68966, -0.45403,
-0.51457, 0, 0.11103, 0.15056, -0.058894, -0.12029, 0.47508,
-0.45403, -0.23447, 0.084064, -0.37707, 0.22651, 0.056584, 0.33342,
0.42223, -0.34008, 0.48543, -0.66658, -0.074001, 0.53605,
-0.074001, 0.29866, -0.23447, 0.1635, -0.2863, -0.1047, 0.65076,
0.17632, 0.084064, -0.45403, 0.11103, -0.089267, 0.42223, 0.27501,
0.42223, 0.34483, -0.18442, 0.25096, 0.4957, 0.55582, 0.58496,
0.4957, 0.070389, 0.60407, 0.1635, -0.029146, 0.27501, 0.9486,
0.90304, 0.60407, 0.78241, 0.9855, 0.18903, 0.82375, 0.43296,
0.72247, 0.070389, -0.32193, 0.36737, -0.16812, 0.056584, -0.41504,
0.11103, 0.40054, -0.043943, 0.29866, 0.67807, 0.57531, 0.97085,
-0.41504, 0.35614, -0.23447, 0.68706, 0.95606, 0.81558, 0.22651,
0.86394, -0.074001, 1.1043, 0.15056, -0.152, -0.20091, -0.2863,
-0.20091, 0.12433, 0.34483, -0.41504, 0.29866, -0.1047, -0.0145,
-0.45403, -0.62149, -0.20091, -0.12029, -0.058894, 0.014355,
-0.47393, -0.074001, -0.4344, -0.8625, 0.36737, -0.34008, -0.1047,
0.1375, 0.12433, 0.22651, -0.12029, 0.53605, -0.57777, 0.36737,
-0.1047, -0.57777, 0.25096, -0.39593, -0.32193, -0.8365, 0.18903,
