n_covariates <- 2
n_obs <- 100
x <- 
structure(c(-0.58766, 0.45399, 0.26378, 0.4183, -0.47643,
-0.56099, -0.60104, -0.80726, 0.01463, 0.41785, -0.32588,
-0.29889, 0.031919, -0.47986, 0.40456, 0.5021, 0.37259, -0.25841,
0.32751, 0.47037, 0.11237, -0.89077, 0.55777, 0.23553, 0.18741,
0.72715, -0.14806, -0.92723, -0.19976, 0.54336, -0.84152, 0.18019,
0.30927, 0.093844, -0.5976, 0.31885, 0.4407, -0.54691, 0.3908,
-0.55409, 0.16695, -0.71864, -0.29097, -0.32397, -0.21416,
0.60343, -0.63223, -0.59026, -0.17207, -0.65763, 0.32397,
-0.79232, 0.078379, 0.30549, -0.053363, 0.5095, -0.23383,
-0.59056, 0.24893, -0.28137, -0.50208, 0.067189, 0.27778, 0.37087,
0.52401, -0.70018, -0.87037, 0.24088, -0.49705, 0.62981, -0.11057,
-0.76008, 0.20175, 0.12446, -0.22815, 0.36868, -0.45492, -0.85582,
0.41312, -0.21617, 0.41617, -0.072362, 0.38914, 0.63112, 0.67536,
0.28867, 0.73665, -0.5788, 0.50164, -0.36529, 0.2255, -0.76739,
-0.82279, -0.40904, 0.54745, 0.38827, -0.49255, 0.5044, 0.30937,
-0.3047, 0.15374, 0.61988, 0.49887, 0.28391, 0.34716, 0.78769,
0.050601, -0.41715, 0.40191, 0.53104, 0.39866, 0.7367, 0.01223,
0.83424, 0.45928, 0.55981, 0.49786, 0.67192, 0.3678, 0.65619,
0.38474, 0.41169, 0.47273, -0.078331, 0.29747, 0.20264, 0.52184,
0.018859, 0.54295, 0.41175, -0.19131, 0.46205, 0.36073, 0.46674,
0.1479, 0.84518, 0.82158, 0.24956, 0.63263, 0.48854, 0.62252,
0.25646, 1.0437, 0.7769, 0.64364, 0.66357, 0.44552, 0.44374,
1.0088, 0.08745, 0.76999, -0.2703, 0.32285, 0.38312, 0.1851,
0.69928, 0.63643, 0.27835, 0.64816, 0.68394, 0.53597, 0.60575,
0.21792, 1.1273, 0.46617, 0.21039, 0.26941, 0.71949, 0.59948,
0.28146, 0.57833, 0.60838, 0.21236, 0.45179, 0.80382, 0.37053,
0.44361, 0.14514, 0.41873, 0.88626, 0.13563, 0.33377, 0.4043,
1.0166, 0.53134, 0.20789, 0.6614, 0.26554, 0.23935, 0.45703,
0.46451, 0.09259, 0.12657, 0.7423, 0.3774, 0.44977, 1.0144,
0.080546, 0.50823, 0.86858),
.Dim = c(100, 2))
y <- 
c(0, 1, 1, 0, 0, 1, 0, 0, 1, 0, 1, 1, 0, 1, 0, 1, 1, 1, 0,
1, 1, 0, 0, 0, 0, 0, 1, 0, 1, 1, 0, 0, 0, 0, 0, 1, 1, 0, 1, 0, 1,
0, 1, 1, 1, 1, 0, 0, 1, 0, 1, 0, 0, 0, 0, 1, 1, 0, 1, 1, 1, 0, 0,
1, 0, 0, 0, 0, 0, 1, 0, 0, 0, 0, 1, 1, 1, 0, 1, 1, 0, 0, 0, 1, 1,
0, 1, 0, 0, 1, 1, 0, 0, 1, 1, 1, 1, 0, 1, 1)
