n_covariates <- 2
n_obs <- 750
x <- 
structure(c(0.051008, -0.74807, -0.77293, 0.21837, 0.37268,
-0.62932, -0.43307, -0.84152, 0.47526, 0.32083, 0.32061, -0.89077,
0.1785, 0.31558, 0.55777, 0.031919, 0.25091, 0.23572, -0.072362,
0.5044, -0.63223, -0.76785, -0.70018, -0.64713, -0.76739,
-0.51789, 0.17517, -0.68031, 0.015952, -0.71481, 0.078379,
-0.80872, -0.84211, -0.98592, 0.29104, 0.24322, -0.60104, -1.2465,
-0.82769, -0.62117, -0.70584, 0.067189, 0.30505, 0.60788,
-0.78937, -0.53123, 0.25202, -0.5788, -0.83177, -0.69859,
-0.73643, -0.93496, 0.43959, -0.54691, -0.084056, 0.32211,
0.10765, -0.71864, -0.87878, -0.69846, 0.39757, -0.50451, 0.25024,
0.61709, 0.31833, -0.57453, 0.097619, 0.48449, 0.52401, -0.78138,
-0.49705, -0.96985, 0.43541, -0.67942, -0.62529, -0.023181, 0.232,
0.093844, 0.14234, -0.61686, 0.23636, 0.38914, -0.95179, 0.24088,
0.12446, -0.60566, -0.71397, 0.31008, 0.18019, -0.42664, 0.061432,
0.07737, 0.42815, -0.80251, 0.40143, 0.37085, -0.80775, 0.50164,
0.58238, -0.59136, -0.87037, -0.72087, 0.27778, 0.33241, -0.14092,
-0.5976, -0.85582, -0.88912, 0.21346, -0.53468, 0.31687, -0.68122,
-0.97586, 0.41457, 0.32751, -0.93209, 0.58395, -0.44437, 0.29109,
-0.51081, -0.96598, 0.18741, 0.17965, -0.7269, -0.5434, -0.59823,
-0.20195, 0.47146, -0.09822, -0.35658, 0.63881, 0.62981, -0.46223,
-0.073316, -0.55406, -0.43762, -0.22238, 0.093462, 0.53175,
0.40208, 0.47555, -0.23383, -0.31579, -0.47352, 0.59239, -0.22605,
-0.43995, -0.54645, 0.46404, -0.15194, 0.48536, 0.34726, 0.43897,
-0.21416, 0.5738, 0.38717, 0.32038, -0.20781, -0.18651, 0.24753,
0.6605, -0.28659, -0.32588, -0.25205, 0.37259, -0.29097, -0.3047,
-0.2139, -0.3683, -0.46928, 0.3935, -0.4564, 0.51128, 0.2255,
0.01463, -0.19173, 0.38323, 0.49792, 0.35335, -0.34723, 0.5838,
-0.13728, 0.38827, -0.53173, -0.11685, 0.54336, -0.45399,
-0.21913, 0.30486, 0.65677, 0.6142, -0.4581, -0.21617, -0.26016,
0.31885, -0.23727, 0.5831, 0.028413, -0.4184, 0.67413, -0.25278,
0.5161, 0.20392, -0.17207, 0.27275, 0.076348, -0.36653, 0.44291,
-0.19976, -0.54076, -0.070603, 0.50715, -0.060486, 0.21533,
0.46809, -0.29889, 0.8613, 0.70121, -0.11343, 0.31234, -0.12173,
0.36868, 0.57311, -0.25841, 0.30937, 0.43319, -0.30448, 0.44276,
-0.19442, -0.061052, 0.076193, 0.85827, 0.37039, 0.51482, 0.43128,
0.42286, 0.29815, 0.37128, -0.51529, 0.38526, -0.34825, 0.68511,
-0.36529, -0.40904, 0.43574, 0.26888, -0.49255, 0.07616, 0.49226,
-0.4025, 0.10477, -0.56469, -0.99882, 0.30459, 0.40456, -0.76008,
-0.47643, -0.80726, 0.8331, 0.59777, 0.18562, -0.58728, 0.25104,
0.30927, 0.62925, 0.011422, 0.23849, 0.38469, 0.068541, 0.64612,
-0.56508, -0.8886, -0.62845, -0.48411, -0.7185, -0.41442, 0.24785,
-0.71066, 0.045339, -0.79354, 0.16722, -0.92343, -0.949, -1.0669,
-0.0033876, 0.38705, -0.56853, -1.322, -0.69066, -0.79232,
-0.71607, 0.043044, 0.33697, 0.63917, -0.87586, -0.53424, 0.23553,
-0.51603, -0.72244, -0.58766, -0.82279, -0.92723, 0.31818,
-0.65826, -0.08474, 0.47538, 0.030681, -0.6815, -0.90134,
-0.58672, 0.28867, -0.50126, 0.30549, 0.72715, 0.47275, -0.56594,
-0.05154, 0.41026, 0.41785, -0.54634, -0.55861, -0.89504, 0.41617,
-0.59056, -0.70178, -0.16341, 0.089764, 0.14266, 0.12461,
-0.63647, 0.37829, 0.4183, -0.93201, 0.39965, 0.044016, -0.536,
-0.63046, 0.28571, 0.20175, -0.54322, -0.053363, 0.087857,
0.50038, -0.54396, 0.33474, 0.38958, -0.816, 0.30833, 0.53849,
-0.77083, -0.78633, -0.80967, 0.28779, 0.27796, -0.11057,
-0.65763, -0.80682, -0.81519, 0.38465, -0.55409, 0.10303,
-0.76518, -0.8404, 0.30736, 0.42361, -0.91969, 0.72762, -0.64046,
0.27132, -0.63159, -0.67517, 0.26994, 0.31755, -0.83271, -0.59026,
-0.62548, -0.092105, 0.44367, -0.028066, -0.56176, 0.60343,
0.54745, -0.61994, -0.022518, -0.52586, -0.43427, -0.35575,
0.20621, 0.56677, 0.37217, 0.47784, -0.26003, -0.49081, -0.50208,
0.50926, -0.32397, -0.55559, -0.59981, 0.26378, -0.05552, 0.53737,
0.34525, 0.43549, -0.29398, 0.67567, 0.37385, 0.24893, -0.072676,
-0.20899, 0.18862, 0.63112, -0.37138, -0.43789, 0.00055432,
0.53814, -0.26021, -0.43041, -0.30045, -0.38595, -0.39014, 0.2603,
-0.68939, 0.36637, 0.25886, 0.053765, -0.14656, 0.37021, 0.51629,
0.30574, -0.26102, 0.44764, -0.091775, 0.3034, -0.56522,
-0.061568, 0.64727, -0.56576, -0.093066, 0.37087, 0.64998,
0.59468, -0.47986, -0.24649, -0.25786, 0.32397, -0.15467, 0.7358,
0.075105, -0.43937, 0.73665, -0.23446, 0.41312, 0.29885, -0.14137,
0.28626, 0.12787, -0.34039, 0.34876, -0.216, -0.55536, -0.1238,
0.67536, -0.14806, 0.16695, 0.39689, -0.41631, 0.84207, 0.6738,
0.039579, 0.28744, -0.22815, 0.52902, 0.69658, -0.28137, 0.15876,
0.38873, -0.32007, 0.47037, -0.22054, -0.01671, 0.11538, 0.7332,
0.2756, 0.4407, 0.38049, 0.3908, 0.2994, 0.068365, -0.56099,
0.5095, -0.45492, 0.77848, -0.33026, -0.41194, 0.45399, 0.11237,
-0.501, 0.23655, 0.5021, -0.39836, 0.340943047133111,
0.319012600951952, 0.528853800567859, -0.718637662681198,
0.734657292105126, 0.286180382583223, 0.287872840463731,
-0.482136848123412, 0.413315178684489, -0.559509359142797,
0.356266350699127, 0.521562681044217, 0.194801799676507,
-0.978802843232486, -0.495621752113436, 0.0930376209507042,
0.074861506040412, -0.0250581186720153, -0.857840564037482,
-1.02087791684889, 0.47644756893603, -0.740666833774187,
-0.473465269915728, 0.419804755255297, 0.270445754018825,
0.390369762861358, 0.361472754366828, 0.354519925658625,
0.340428065793249, -0.153906041852385, -0.435826260425349,
-0.735431784855482, 0.273400506633899, -0.601904788112165,
0.0942594324840641, 0.345694152575655, -0.150594672137539,
0.647635805296096, -0.71862263895434, 0.279590610616086,
0.287120554348776, -0.69007421751857, -0.378942797783898,
0.555779663784361, 0.451279250946753, -0.2370138731866,
-0.138742432046025, -0.063998388332282, 0.460391912196358,
-0.257356847942156, -0.912871134678927, 0.720684383408168,
0.509858220823724, 0.503259526339942, 0.367234008573339,
-0.513348382630009, -0.495057575041323, 0.446359225679198,
0.313879045702441, 0.26825492905518, -0.228886663224746,
0.427281434299135, 0.138017298127629, -0.00351182701332726,
0.402687513635712, -0.824498481168688, -0.240214217691559,
-0.646393242539817, -0.613571067593394, 0.554306464388021,
0.298596520522478, -0.918061011881962, -0.0845895334750084,
0.0692308464355071, -0.575991428126444, 0.557883228467109,
0.0885475282755557, -0.574630221656611, -0.235806360548878,
-0.537174186820882, 0.665882387856743, -0.789558282768448,
0.257113261784274, 0.157262141527179, 0.618665183234815,
0.212739412909322, -0.294666309539078, -0.415890537157718,
0.267211820875802, 0.258132594711126, -0.575637785081795,
0.256994216251481, 0.399076812275731, -0.338521223484689,
0.45584765603835, 0.0660516810446104, -0.812706591042948,
-0.543379582095834, -0.620833978354762, 0.39323612656911,
0.334362995988278, -0.239561039714865, -0.108459036471779,
0.396126306961888, 0.438837444016094, -0.232479113220963,
-0.616968203777968, 0.248714261954238, -0.114058115961559,
-0.757952327900045, -0.422164975140893, 0.75444478163585,
0.0312421721554503, 0.585872726208482, 0.694130511391599,
0.654383757088071, -0.750078778320163, -0.0670152757958894,
0.406086455428524, -0.759942771191205, 0.284737161600463,
0.635910366349718, 0.393815438121858, -0.103969869485621,
-0.796144226222368, 0.22425230324712, 0.152413324745879,
-1.15002936373055, 0.051103852138981, 0.0478200500941102,
0.392261641413563, 0.0165959762248333, 0.520989144090208,
-0.0668888556137142, -0.109790939287141, -0.815928246536367,
-0.637026827467317, 0.0776018103075132, 0.663453362904179,
-0.538873256712318, -0.0759177395452636, 0.446899550014205,
-0.475574019805052, -0.41399574115456, -0.553954953345626,
-0.789225431064122, -0.516027719487878, 0.301905908348563,
0.289013808618607, 0.0388249647829759, 0.401696972216534,
-1.31612304548789, -0.513353226009531, 0.396081791912309,
0.152088489698543, -0.810350322358125, 0.490956260664257,
-0.619017772165138, 0.418293774280066, -0.0654062808033428,
-0.59402645398472, -0.451064553994005, 0.39207694606495,
