n_covariates <- 2
n_obs <- 10
x <- 
structure(c(0.59239, -0.3047, -0.05154, -0.67517, -0.061568,
-0.19173, -0.36529, 0.41617, 0.18741, 0.38958, 0.89257, 0.86858,
0.42471, 0.032371, 0.65991, 0.80943, 0.45703, 0.13563, 0.29747,
0.4217),
.Dim = c(10, 2))
y <- 
c(1, 1, 0, 0, 1, 1, 1, 0, 0, 0)
