n_covariates <- 2
n_obs <- 250
x <- 
structure(c(-0.57453, 0.26888, -0.35658, 0.21346, -0.65826,
-0.536, -0.98592, 0.36868, -0.28137, 0.4183, -0.072676, 0.068365,
0.33474, 0.030681, 0.44276, -0.68031, 0.23655, 0.84207, -0.073316,
0.30505, -0.22238, 0.67567, 0.30937, -0.8886, 0.47526, 0.10477,
-0.78633, -0.092105, -0.72244, 0.39965, -0.62548, 0.28744,
-0.55409, 0.34726, 0.078379, -0.71864, 0.37385, -0.60104, -0.3047,
-0.62932, 0.26994, -0.023181, 0.37268, 0.40143, 0.5021, -0.43937,
-0.0033876, -0.87586, -0.90134, -0.11343, -0.11685, -0.14092,
-0.56099, 0.56677, -0.26102, 0.63881, 0.075105, 0.18562, -0.20195,
0.30736, 0.32038, -0.56594, 0.60788, -0.93496, 0.43549, 0.2756,
-0.47986, -0.43762, 0.12446, 0.47784, -0.52586, 0.63917, -0.93201,
-0.58766, 0.061432, -0.53173, 0.30833, -0.25278, 0.54336,
-0.71607, -0.51603, -0.78937, 0.47555, -0.093066, 0.50164,
-0.87878, 0.28571, 0.20175, -0.11057, -0.14656, -0.92343, 0.60343,
-0.38595, -0.6815, -0.28659, 0.44764, 0.47146, 0.27132, -0.80682,
-0.55536, 0.69658, -0.22054, 0.43541, 0.41312, 0.53737, 0.31755,
-1.0669, -0.56853, -0.67942, -0.35575, -0.4184, 0.14266, 0.10303,
0.20392, -0.92723, 0.01463, -0.45399, 0.089764, 0.25104, -0.93209,
0.6738, 0.43319, 0.25202, 0.37829, 0.32397, -0.19173, 0.73665,
-0.1238, 0.47538, 0.068541, -0.87037, -0.16341, -0.21416,
0.028413, -0.29097, 0.68511, -0.56522, 0.11237, 0.33697, -0.816,
-0.79354, -0.96985, -0.76518, -0.43995, -0.61686, -0.63223,
-0.47643, 0.7332, 0.39757, 0.31558, 0.58395, -0.64713, -0.15194,
0.34876, -0.070603, -0.54322, -0.19976, -0.20781, 0.33241,
-0.21913, 0.25091, 0.38873, 0.62925, -0.79232, -0.26021, -0.59136,
0.47037, -0.51529, -0.55406, 0.51128, -0.88912, -0.061568,
0.52902, -0.62845, -0.80251, 0.59468, -0.31579, -0.63046,
-0.49705, -0.68122, 0.72762, -0.54076, -0.54634, 0.67536, 0.8613,
-0.3683, -0.05154, -0.82769, -0.216, 0.61709, -1.322, 0.29815,
0.58238, -0.51789, 0.38526, -0.56469, -0.65763, -0.5434, 0.1785,
-0.20899, 0.23849, 0.72715, -0.29398, 0.40456, -0.7185, -0.53424,
0.093844, 0.27796, 0.15876, -0.56576, -0.48411, -0.7269, 0.076193,
-0.80967, -0.34723, 0.5738, -0.77293, -0.061052, -0.91969,
-0.13728, -0.47352, 0.38914, 0.5044, 0.29104, 0.31008, 0.37128,
-0.64046, -0.37138, 0.2994, 0.38827, 0.64998, 0.32061, 0.64612,
0.37039, -0.62117, -0.60566, -0.01671, 0.27778, 0.49792, -0.8404,
-0.34039, -0.59981, 0.43959, -0.97586, 0.48449, 0.097619,
-0.89077, 0.16722, 0.12787, -0.74807, 0.18624, 0.44559, 0.6371,
0.43612, 0.31726, 0.213, 0.48309, 0.37053, 0.68394, 0.28391,
0.62233, 0.67706, 0.39786, 0.62441, 0.58023, 0.47612, 0.46296,
0.41357, 0.55822, 0.47418, 0.88851, 0.59244, 0.50823, 0.34441,
0.22484, 0.087445, 0.35751, 0.59219, 0.32523, 0.57662, 0.89655,
0.93761, 0.48854, 0.70814, 0.32285, 0.25646, 0.59675, 0.050601,
0.86858, 0.63202, 0.31669, 0.40443, 0.49656, 0.42516, 0.55981,
0.63791, 0.43574, 0.17603, 0.53325, 0.60067, 0.87851, 0.39247,
0.78769, 0.45614, 0.62947, 0.42112, 0.92153, 0.43408, 0.62102,
0.18533, 0.53529, 0.13578, 0.39362, 0.11371, 0.47986, 0.71024,
0.83424, 0.87812, 0.45179, 0.59473, 0.40893, 0.47979, -0.063117,
0.15374, 0.32491, 0.61934, 0.2721, 0.70526, 0.41175, 0.65663,
0.32365, 0.17592, 0.65056, 0.87503, 0.23935, 0.45065, 0.4606,
0.21236, 0.57833, 0.82036, 0.52982, 0.66357, 0.72553, 0.26652,
0.73376, 0.81623, 0.48221, 0.16524, 0.15548, 0.75043, 0.48939,
0.83305, 0.12192, 0.41873, 0.84715, 0.36953, 0.60812, -0.018435,
0.30754, 0.98258, 0.68041, 0.44906, 0.35029, 0.91641, 0.018859,
0.40191, 0.66513, 0.61767, 0.38791, 0.09362, 0.78586, 0.77017,
0.1703, 0.45253, 0.76999, 0.80943, 0.6614, 0.9389, 0.62176,
0.34038, 0.26941, 0.44442, 0.64364, 0.75793, 1.0437, 0.78067,
0.67874, 0.38474, 0.57623, 0.36677, 0.50872, 0.46625, 0.029609,
0.52099, 0.25508, 0.44552, 0.34716, 0.92744, 0.1181, 0.38853,
0.47147, 0.15921, 0.81218, 0.82583, 1.003, 0.69136, 0.54295,
0.65132, 0.2735, 0.83485, 0.30717, 0.81145, 0.515, -0.2703,
1.1256, 0.3023, 0.65619, 0.76473, 0.51253, 0.76606, 0.26896,
0.65991, 0.45207, 0.311, 0.66879, 0.83162, 0.75031, 0.5265,
0.59948, 0.042098, 0.44809, 0.65293, 0.0072256, 0.53134, 0.47289,
0.7564, 0.42471, 0.36187, 0.44365, 0.10186, 0.39408, 0.93454,
0.22843, 0.032881, 0.65528, 0.085959, 0.08745, 0.41012, 0.44691,
0.9437, 0.35433, 0.20264, 0.54161, 0.45928, 0.1183, 0.41944,
0.46674, 0.092961, 0.56536, 0.52103, 0.094123, 0.35728, 0.35386,
0.22909, 0.70178, 0.63713, 0.26317, 0.74185, 0.12448, 0.71246,
0.63854, 0.4043, 0.080546, 0.34276, 0.34675, 0.70089, 0.1244,
0.74645, 0.9673, 0.44977, 0.72498, 0.33408, 0.14578, 0.72342,
-0.10912, 0.26906, 0.68146, 0.21792, 0.61334, 0.60754, 0.58567,
0.80653, 0.41431, 0.45965, 0.35373, 0.55177, 0.41169, 0.41396,
0.45035, 0.08904),
.Dim = c(250, 2))
y <- 
c(0, 1, 1, 0, 0, 0, 0, 1, 1, 0, 1, 1, 0, 0, 1, 0, 1, 1, 1,
0, 1, 1, 1, 0, 0, 0, 0, 1, 0, 0, 1, 1, 0, 1, 0, 0, 1, 0, 1, 0, 0,
0, 0, 0, 1, 1, 0, 0, 0, 1, 1, 0, 1, 1, 1, 1, 1, 0, 1, 0, 1, 0, 0,
0, 1, 1, 1, 1, 0, 1, 1, 0, 0, 0, 0, 1, 0, 1, 1, 0, 0, 0, 1, 1, 0,
0, 0, 0, 0, 1, 0, 1, 1, 0, 1, 1, 1, 0, 0, 1, 1, 1, 0, 1, 1, 0, 0,
0, 0, 1, 1, 0, 0, 1, 0, 1, 1, 0, 0, 0, 1, 1, 0, 0, 1, 1, 1, 1, 0,
0, 0, 0, 1, 1, 1, 1, 1, 1, 0, 0, 0, 0, 0, 1, 0, 0, 0, 1, 0, 0, 0,
0, 1, 1, 1, 0, 1, 1, 0, 1, 0, 1, 0, 0, 1, 0, 1, 1, 1, 1, 0, 1, 1,
0, 0, 1, 1, 0, 0, 0, 0, 1, 0, 1, 1, 1, 0, 0, 1, 0, 0, 1, 0, 0, 1,
0, 0, 0, 0, 1, 0, 0, 1, 0, 0, 0, 0, 0, 1, 1, 0, 0, 1, 0, 1, 1, 0,
1, 0, 1, 1, 0, 0, 0, 0, 1, 0, 1, 1, 1, 1, 0, 0, 1, 0, 0, 1, 0, 1,
0, 1, 1, 0, 0, 0, 0, 0, 0, 1, 0)
