n_covariates <- 2
n_obs <- 1000
x <- 
structure(c(0.051008, -0.74807, -0.77293, 0.21837, 0.37268,
-0.62932, -0.43307, -0.84152, 0.47526, 0.32083, 0.32061, -0.89077,
0.1785, 0.31558, 0.55777, 0.031919, 0.25091, 0.23572, -0.072362,
0.5044, -0.63223, -0.76785, -0.70018, -0.64713, -0.76739,
-0.51789, 0.17517, -0.68031, 0.015952, -0.71481, 0.078379,
-0.80872, -0.84211, -0.98592, 0.29104, 0.24322, -0.60104, -1.2465,
-0.82769, -0.62117, -0.70584, 0.067189, 0.30505, 0.60788,
-0.78937, -0.53123, 0.25202, -0.5788, -0.83177, -0.69859,
-0.73643, -0.93496, 0.43959, -0.54691, -0.084056, 0.32211,
0.10765, -0.71864, -0.87878, -0.69846, 0.39757, -0.50451, 0.25024,
0.61709, 0.31833, -0.57453, 0.097619, 0.48449, 0.52401, -0.78138,
-0.49705, -0.96985, 0.43541, -0.67942, -0.62529, -0.023181, 0.232,
0.093844, 0.14234, -0.61686, 0.23636, 0.38914, -0.95179, 0.24088,
0.12446, -0.60566, -0.71397, 0.31008, 0.18019, -0.42664, 0.061432,
0.07737, 0.42815, -0.80251, 0.40143, 0.37085, -0.80775, 0.50164,
0.58238, -0.59136, -0.87037, -0.72087, 0.27778, 0.33241, -0.14092,
-0.5976, -0.85582, -0.88912, 0.21346, -0.53468, 0.31687, -0.68122,
-0.97586, 0.41457, 0.32751, -0.93209, 0.58395, -0.44437, 0.29109,
-0.51081, -0.96598, 0.18741, 0.17965, -0.7269, -0.5434, -0.59823,
-0.20195, 0.47146, -0.09822, -0.35658, 0.63881, 0.62981, -0.46223,
-0.073316, -0.55406, -0.43762, -0.22238, 0.093462, 0.53175,
0.40208, 0.47555, -0.23383, -0.31579, -0.47352, 0.59239, -0.22605,
-0.43995, -0.54645, 0.46404, -0.15194, 0.48536, 0.34726, 0.43897,
-0.21416, 0.5738, 0.38717, 0.32038, -0.20781, -0.18651, 0.24753,
0.6605, -0.28659, -0.32588, -0.25205, 0.37259, -0.29097, -0.3047,
-0.2139, -0.3683, -0.46928, 0.3935, -0.4564, 0.51128, 0.2255,
0.01463, -0.19173, 0.38323, 0.49792, 0.35335, -0.34723, 0.5838,
-0.13728, 0.38827, -0.53173, -0.11685, 0.54336, -0.45399,
-0.21913, 0.30486, 0.65677, 0.6142, -0.4581, -0.21617, -0.26016,
0.31885, -0.23727, 0.5831, 0.028413, -0.4184, 0.67413, -0.25278,
0.5161, 0.20392, -0.17207, 0.27275, 0.076348, -0.36653, 0.44291,
-0.19976, -0.54076, -0.070603, 0.50715, -0.060486, 0.21533,
0.46809, -0.29889, 0.8613, 0.70121, -0.11343, 0.31234, -0.12173,
0.36868, 0.57311, -0.25841, 0.30937, 0.43319, -0.30448, 0.44276,
-0.19442, -0.061052, 0.076193, 0.85827, 0.37039, 0.51482, 0.43128,
0.42286, 0.29815, 0.37128, -0.51529, 0.38526, -0.34825, 0.68511,
-0.36529, -0.40904, 0.43574, 0.26888, -0.49255, 0.07616, 0.49226,
-0.4025, 0.10477, -0.56469, -0.99882, 0.30459, 0.40456, -0.76008,
-0.47643, -0.80726, 0.8331, 0.59777, 0.18562, -0.58728, 0.25104,
0.30927, 0.62925, 0.011422, 0.23849, 0.38469, 0.068541, 0.64612,
-0.56508, -0.8886, -0.62845, -0.48411, -0.7185, -0.41442, 0.24785,
-0.71066, 0.045339, -0.79354, 0.16722, -0.92343, -0.949, -1.0669,
-0.0033876, 0.38705, -0.56853, -1.322, -0.69066, -0.79232,
-0.71607, 0.043044, 0.33697, 0.63917, -0.87586, -0.53424, 0.23553,
-0.51603, -0.72244, -0.58766, -0.82279, -0.92723, 0.31818,
-0.65826, -0.08474, 0.47538, 0.030681, -0.6815, -0.90134,
-0.58672, 0.28867, -0.50126, 0.30549, 0.72715, 0.47275, -0.56594,
-0.05154, 0.41026, 0.41785, -0.54634, -0.55861, -0.89504, 0.41617,
-0.59056, -0.70178, -0.16341, 0.089764, 0.14266, 0.12461,
-0.63647, 0.37829, 0.4183, -0.93201, 0.39965, 0.044016, -0.536,
-0.63046, 0.28571, 0.20175, -0.54322, -0.053363, 0.087857,
0.50038, -0.54396, 0.33474, 0.38958, -0.816, 0.30833, 0.53849,
-0.77083, -0.78633, -0.80967, 0.28779, 0.27796, -0.11057,
-0.65763, -0.80682, -0.81519, 0.38465, -0.55409, 0.10303,
-0.76518, -0.8404, 0.30736, 0.42361, -0.91969, 0.72762, -0.64046,
0.27132, -0.63159, -0.67517, 0.26994, 0.31755, -0.83271, -0.59026,
-0.62548, -0.092105, 0.44367, -0.028066, -0.56176, 0.60343,
0.54745, -0.61994, -0.022518, -0.52586, -0.43427, -0.35575,
0.20621, 0.56677, 0.37217, 0.47784, -0.26003, -0.49081, -0.50208,
0.50926, -0.32397, -0.55559, -0.59981, 0.26378, -0.05552, 0.53737,
0.34525, 0.43549, -0.29398, 0.67567, 0.37385, 0.24893, -0.072676,
-0.20899, 0.18862, 0.63112, -0.37138, -0.43789, 0.00055432,
0.53814, -0.26021, -0.43041, -0.30045, -0.38595, -0.39014, 0.2603,
-0.68939, 0.36637, 0.25886, 0.053765, -0.14656, 0.37021, 0.51629,
0.30574, -0.26102, 0.44764, -0.091775, 0.3034, -0.56522,
-0.061568, 0.64727, -0.56576, -0.093066, 0.37087, 0.64998,
0.59468, -0.47986, -0.24649, -0.25786, 0.32397, -0.15467, 0.7358,
0.075105, -0.43937, 0.73665, -0.23446, 0.41312, 0.29885, -0.14137,
0.28626, 0.12787, -0.34039, 0.34876, -0.216, -0.55536, -0.1238,
0.67536, -0.14806, 0.16695, 0.39689, -0.41631, 0.84207, 0.6738,
0.039579, 0.28744, -0.22815, 0.52902, 0.69658, -0.28137, 0.15876,
0.38873, -0.32007, 0.47037, -0.22054, -0.01671, 0.11538, 0.7332,
0.2756, 0.4407, 0.38049, 0.3908, 0.2994, 0.068365, -0.56099,
0.5095, -0.45492, 0.77848, -0.33026, -0.41194, 0.45399, 0.11237,
-0.501, 0.23655, 0.5021, -0.39836, 0.420700870204021,
0.466758796946944, 0.364299634433962, 0.154057684301954,
-0.531525630126756, -0.418776049456806, -0.539799341875812,
0.851558056682729, 0.331722922626232, -0.615607761090021,
-0.660990886208437, -0.510580082401412, 0.130007434233506,
-0.207472771851439, -0.199105920727535, -0.27779019679873,
0.530752740275585, -0.821196746244217, 0.493203939787098,
0.323091164630931, 0.82302558033466, -0.547901229626233,
0.0825620873179273, 0.530538609650255, 0.123175731492804,
-0.625070671130287, -0.297133825810056, 0.386552989900793,
0.609747476523354, 0.686698090779559, 0.0728546836754834,
0.600920010342226, 0.0778966426482512, -0.468491909654759,
-0.753136417402618, -0.266317154580165, -0.998609190139535,
-0.641204064418572, 0.423827548287285, -0.522261508387095,
-0.612358937391188, 0.550654949153245, -0.613675759081858,
-0.964746480512128, -0.859283381943732, -0.733207552016428,
-0.661209798851, 0.398016164166052, -1.00856885263576,
0.466548472719057, 0.57242370997149, -0.528723567852401,
0.682981245817858, -0.220991764225777, 0.0431154795424612,
0.484124089564277, -0.41319596050077, 0.169386122107001,
-1.04529086839152, -0.826700113833685, 0.120197669136535,
-0.911214591671457, 0.503929772873877, 0.427210490964426,
0.408261178587323, 0.0717519048768683, -0.319789400955009,
0.420982942642097, 0.525154850319981, 0.327881700631518,
-0.357496532651437, 0.307145692380118, 0.332569434844645,
0.420623346213101, 0.485471269963885, -0.0899403272919469,
-0.207708395395229, -0.0562700787503465, 0.345255551797407,
0.49889880928433, -0.367627004965454, 0.297438914199988,
0.657579630878045, 0.222047794676256, 0.40699809056199,
-0.785023621793197, -0.570506411762822, -0.456875837420003,
-0.285415448676657, -0.644759346690314, 0.291452653297619,
0.608469785052909, 0.477720899308617, -0.384045708305365,
0.287904794656438, 0.0878919169958546, -0.0671836039651584,
-0.0713653366100361, 0.277712805766349, 0.315267343220888,
-0.113477022970526, -0.264769814534542, 0.355244811936996,
0.462525928984133, 0.198614441884616, -0.328442367458684,
0.720939697365286, -0.0618671969459568, -0.58732863333671,
0.505807736666178, -0.801948601259558, -0.818656146824326,
-0.414790345037811, -0.847077588661166, 0.0855827914373667,
0.249273718908246, -0.848193907004471, 0.455415411266347,
0.151546288234169, 0.596893880448641, -0.58664413242323,
-0.399098437687528, 0.36853731163162, 0.202926396770758,
0.710151022124164, 0.875791430277622, 0.496973139075548,
0.232901565739155, 0.0106785796364524, -0.849369538249318,
0.040914095182958, 0.463629357805063, -0.68527470199768,
0.0688376687205739, 0.208394199855674, -0.216306495927739,
-0.619983540828162, -0.548459662892364, 0.36941919641396,
-0.825347694430641, -0.462170937422801, 0.267557215484715,
0.325271591980688, -0.440945880081529, 0.48805883408518,
0.362555944795347, -0.576045078473384, -0.838925910122437,
0.385174253845667, -0.593109612618764, -0.726586401648227,
0.380372360229352, -0.981878842347702, 0.663876477361126,
-0.688508705905625, -0.529854017310598, 0.789599608971756,
-0.2164550166068, 0.330778837443084, -0.848713770766875,
-0.778375397074703, 0.219537545597996, -0.505076700427518,
