n_covariates <- 2
n_obs <- 500
x <- 
structure(c(-1.0669, -0.49081, 0.49792, -0.89504, 0.23655,
-0.85582, 0.21837, -0.80967, 0.31687, -0.67517, 0.35335, 0.53849,
-0.053363, 0.31008, 0.27132, 0.38705, -0.0033876, -0.97586,
0.21346, 0.31755, 0.32751, 0.41312, -0.43995, -0.58728, -0.51789,
-0.05552, -0.14092, 0.039579, 0.2603, 0.47037, 0.38049, 0.23553,
0.07737, 0.1785, 0.41026, -0.49705, 0.37217, 0.30486, 0.16722,
-0.091775, -0.19976, 0.39689, -0.53123, 0.63112, -0.54322,
-0.32588, 0.44367, -0.21617, 0.30574, 0.38469, -0.87878, 0.097619,
0.72762, 0.087857, 0.043044, 0.044016, 0.38323, 0.068541,
0.028413, 0.067189, -0.34723, -0.12173, -0.4184, -0.84211,
-0.24649, -0.73643, -0.36653, -0.60566, 0.2255, -0.55559, 0.57311,
0.32061, -0.061052, 0.40208, -0.35658, -0.71066, 0.232, -0.47352,
-0.34039, 0.47538, -0.32007, -0.43041, 0.53175, 0.26888, 0.37039,
-0.23383, -0.61686, -0.58766, 0.3908, -0.19442, 0.7358, -0.21416,
-0.11685, -0.19173, 0.61709, 0.62981, 0.53814, -0.70018, 0.24088,
0.34525, -0.58672, -0.072362, -0.022518, 0.43549, -0.77293,
0.051008, -0.25278, -0.501, -0.74807, -0.63046, -1.2465, -0.2139,
-0.71481, 0.45399, 0.30833, -0.59056, -0.55406, 0.54336, 0.41617,
0.28571, -0.34825, -0.17207, 0.17965, -0.092105, 0.37128, 0.29815,
-0.54634, -0.51081, 0.18019, -0.29398, -0.64046, -0.87586,
0.52902, 0.84207, -1.322, 0.11538, -0.4025, 0.10765, 0.076348,
-0.67942, -0.78633, 0.28626, -0.90134, 0.32211, -0.93209, 0.70121,
0.30736, 0.12446, 0.67567, 0.5021, 0.30937, -0.536, -0.15467,
0.41457, -0.92723, -0.084056, -0.5788, 0.50164, -0.87037, 0.26994,
-0.76785, 0.68511, 0.25024, -0.5976, 0.59468, -0.53173, -0.31579,
0.47784, 0.14234, -0.68939, -0.56508, 0.11237, -0.99882, 0.29104,
-0.20781, 0.38827, -0.80726, 0.41785, -0.64713, 0.38526, 0.37021,
0.32038, -0.80682, 0.42815, 0.52401, -0.70584, 0.011422,
-0.061568, -0.56594, 0.32397, -0.37138, -0.25786, -0.79354,
-0.68122, 0.33697, -0.71607, -0.55409, 0.23849, 0.67536, 0.5095,
-0.62932, 0.12461, -0.47643, -0.76518, -0.20195, -0.46223,
0.51128, -0.5434, -0.56469, 0.63881, 0.5044, 0.20175, -0.59981,
-0.22605, -0.80251, -0.51603, 0.6738, -0.43427, 0.40143, 0.47146,
0.38958, 0.30549, 0.31558, -0.093066, 0.31885, -0.55536, 0.59777,
0.47555, -0.7269, 0.8613, 0.37259, -0.23446, -0.13728, -0.62845,
0.77848, 0.089764, -0.4564, -0.50208, -0.30448, 0.2994, 0.5738,
0.15876, 0.24893, -0.60104, 0.34726, -0.96598, -0.14656, -0.59136,
0.4407, 0.030681, 0.093462, -0.62117, 0.48449, -0.83271, -0.05154,
0.18741, -0.53468, -0.073316, 0.10303, -0.3047, 0.29885, 0.10477,
0.59239, -0.14806, 0.32083, 0.045339, 0.18862, -0.98592, 0.64727,
0.54745, 0.37385, -0.8886, 0.85827, 0.65677, 0.12787, 0.30927,
0.55777, -0.43789, 0.39757, -0.56576, 0.5838, 0.50926, -0.16341,
-0.54396, -0.52586, 0.8331, -0.79232, 0.24322, 0.2756, 0.25091,
0.21533, 0.67413, 0.20621, -0.77083, 0.29109, -0.82279, 0.36868,
-0.63223, 0.23636, -0.65763, -0.93496, 0.51629, 0.31833, 0.73665,
0.62925, 0.093844, -0.023181, -0.23727, -0.26102, 0.27778,
0.075105, 0.053765, 0.00055432, 0.53737, 0.076193, 0.33241,
-0.70178, -0.43937, -0.76739, -0.46928, 0.37087, -0.54645,
0.50038, -0.69859, 0.015952, 0.38717, 0.6605, -0.54691, 0.078379,
-0.56176, 0.20392, -0.40904, 0.25104, -0.59823, -0.78937,
-0.14137, -0.22238, 0.48536, 0.25202, -0.80872, 0.38873, -0.56099,
-0.84152, 0.28744, -0.56853, 0.50715, -0.09822, -0.71864,
-0.72087, -0.93201, 0.061432, -0.15194, 0.44276, 0.31234,
-0.72244, -0.28659, -0.42664, 0.37829, -0.71397, -0.072676,
0.4183, 0.64998, -0.25841, 0.43959, -0.26016, 0.14266, 0.07616,
0.38465, 0.37085, -0.62529, 0.69658, 0.18562, 0.58395, -0.91969,
0.44291, -0.41442, 0.43541, -0.47986, 0.27275, -0.32397, -0.63647,
-0.89077, 0.49226, 0.01463, -0.57453, 0.37268, 0.031919, 0.63917,
-0.82769, 0.39965, 0.72715, 0.3034, -0.11343, -0.22815, -0.53424,
-0.33026, -0.21913, -0.48411, -0.29889, -0.20899, 0.25886,
-0.81519, -0.060486, -0.43307, 0.28867, 0.28779, -0.8404, 0.47526,
-0.070603, -0.49255, 0.16695, -0.63159, 0.34876, 0.31818,
-0.08474, -0.50451, -0.65826, -0.6815, -0.55861, -0.50126,
-0.61994, -0.88912, 0.38914, -0.41194, -0.92343, -0.7185,
-0.95179, 0.36637, -0.51529, 0.51482, 0.3935, -0.35575, 0.47275,
0.43128, 0.43897, -0.949, 0.42361, -0.816, -0.83177, 0.7332,
-0.45399, -0.22054, 0.43319, -0.36529, -0.69846, 0.30459, 0.58238,
0.30505, -0.3683, -0.76008, 0.46404, -0.78138, -0.028066, 0.17517,
-0.45492, 0.26378, 0.42286, 0.24785, -0.216, -0.39014, -0.43762,
0.23572, -0.11057, -0.68031, 0.60788, -0.54076, -0.26021, 0.24753,
0.33474, 0.5831, 0.46809, 0.27796, -0.38595, 0.44764, -0.30045,
-0.4581, -0.80775, -0.96985, -0.62548, 0.64612, -0.39836,
-0.44437, 0.60343, -0.28137, 0.56677, -0.29097, 0.5161, 0.40456,
0.068365, -0.01671, -0.1238, -0.56522, -0.59026, -0.25205, 0.6142,
-0.26003, 0.43574, -0.69066, -0.18651, -0.41631, 0.60812, 0.69331,
0.61334, 0.41914, 0.46296, 0.14514, 0.12706, 0.22909, 0.39706,
0.032371, 0.77324, 0.2949, 0.1851, 0.34675, 0.16524, 0.53886,
0.43574, 0.45965, 0.43612, 0.36953, 0.3678, 0.41873, 0.52099,
0.24527, 0.032881, 0.8821, 0.39247, 0.69488, 0.73045, 0.65619,
0.64727, -0.078331, 0.32183, 0.44691, 0.31547, 0.59948, 0.54838,
0.98029, 0.41396, 0.68644, 0.54295, 0.71972, 0.42653, 1.0166,
0.69136, 0.39866, 0.51722, 0.88626, 0.95369, 0.10365, 0.45065,
0.55177, 0.44809, 0.29633, 0.41086, 0.4497, 0.75602, 0.34038,
0.75793, 0.60575, 0.70178, 0.84113, 0.68041, 0.092942, 0.7811,
0.11858, 0.64831, 0.26906, 0.46451, 0.35111, 0.4095, 0.33408,
0.74185, 0.51638, 0.6371, 0.5686, 0.71067, 0.63854, 0.58567,
0.62176, 0.4795, 0.83932, 0.54373, 0.44559, 0.72342, 0.63643,
0.25508, 0.15374, 0.63263, 0.89877, 0.77384, 0.64364, 0.87851,
0.80943, 0.10186, 0.28146, 0.51341, 0.21039, 0.71949, 0.75757,
1.0042, 0.33377, 0.60108, 0.47986, 0.26317, 0.16086, 0.70526,
0.94073, 0.08904, 0.5265, 0.45923, 1.0932, 0.51421, 0.61988,
0.2721, 0.27835, 0.51253, 0.41175, 0.13563, 0.4606, 0.5053,
1.0088, 0.45175, 0.59219, 0.70089, 0.93454, 0.0072256, 0.41496,
0.46205, 0.54161, 0.1244, 0.17603, 0.45207, 0.41357, 0.39408,
0.37156, 0.71301, 0.57947, 0.56222, 0.30754, 0.35751, 0.28798,
0.53325, 0.69087, 0.09362, 0.74573, 0.18533, 0.45179, 0.59244,
0.55981, 0.50823, 0.213, 0.95341, 0.27141, 0.018859, 0.36521,
0.26554, 0.23935, 0.26941, 0.31669, 0.23615, 0.78067, 0.39784,
0.1479, 0.83162, 0.61934, 0.75031, 0.59473, 0.17899, 0.78716,
0.47823, 0.38474, 0.28641, 0.34276, 0.65132, 0.44977, -0.41715,
0.53104, 0.15921, 0.65528, 0.93742, 0.53529, 0.15548, 0.13446,
0.46617, 0.65908, -0.15479, 0.65991, 0.13578, 0.76999, 0.74645,
0.84983, 0.50872, 0.042098, 0.57623, 0.65663, 0.48854, 0.35433,
0.53134, 0.69928, 0.63202, -0.034222, 0.34716, 0.029609, 0.62102,
0.61661, 0.76606, 0.41012, 0.085959, 0.42112, 0.080546, 0.21236,
0.80653, 0.79789, 0.66879, 0.32365, 0.78586, 1.0659, 0.42516,
0.48221, 0.4217, 0.38312, 0.38853, 0.87503, 0.84518, 0.75043,
0.36097, 0.65056, 0.35728, 0.47289, 0.49786, 0.69898, 0.71246,
0.311, 0.80816, 0.61767, 0.80523, 0.53597, 0.5782, 0.9673,
0.63713, 0.56536, 0.64816, 0.050601, 0.70814, 0.17931, 0.82036,
0.3023, 0.82158, 0.62441, 0.6731, -0.10912, 0.35373, 0.34786,
0.42471, 0.29747, 0.57901, 0.55822, 0.35029, 0.86858, 0.8182,
0.087445, 0.89257, 0.52184, 0.32721, 0.32168, 0.43836, 0.48309,
0.27904, 0.3774, 0.59675, 0.34441, 0.9582, 0.75766, 0.45035,
0.36073, 0.47273, 0.33297, 0.1181, 0.52103, 0.76358, 0.80169,
0.44442, 0.74356, 0.40893, 0.44778, -0.2703, 0.51488, 0.71024,
0.30717, 0.6026, 0.60245, 0.75184, 0.31082, 0.19366, 0.12657,
0.37053, 0.44552, 0.51544, 0.08745, 0.11371, 0.64455, 0.087906,
0.6614, 0.515, 0.46674, 0.40443, 0.80179, 0.62947, 0.21792,
0.92153, 0.46304, 0.52544, 0.84715, 0.35386, 0.2735, 0.10117,
0.63791, 0.09259, 0.88775, 1.1273, 0.74577, 0.1509, 0.38567,
0.32168, 0.58578, 0.89919, 0.24956, 0.32285, 0.74069, 0.91641,
0.7423, 0.38791, 0.98701, 0.17592, 1.0701, 0.88851, 0.82018,
0.1703, 0.47037, 0.81145, 0.78769, -0.19131, 0.93761, -0.018435,
0.35046, 0.58756, 0.25646, 0.19677, -0.063117, 0.32491, 0.81218,
